340 mnnx

3ος 32; 38. 90, 35. 91, 11; 683881· 1. e. Augustus 62, 6. 69
36. 106, 30. 121, 16. 129, 10. 24; 30. 82, 23. 286, 30; 333
Iulia Augusti neptis 66, 12; 17; 38. 287, 1. 296, 38. 298, 11.
28. 07, 12. 71, 11; 23. Tiberius 100,12. 110, 23. 136,
Iuliae 66, 28. 67, 16. (163, 12.) 26. 253, 4. 266, 13. Caligula
C. Caesar Augusti nepos 49, 15. 133, 2. 151, 23. Claudius 147,
51, 23. 58, 34. 63, 30. 66, 5. Nero 215, 27. 268, 31. 290,
11-36, 68, 24. 79, 1. 92, 5; 17. 299, 35. Galba 204, 28.
18; 313 38. 93, 1; 33. 97, 12. 211, 10. Vitellius 218, 28.
172, 5. 264, 31. Vespasianus 227, 19. 231, 34.
L. Caesar Augusti nepos 49, 15. S. Iulius Gabinianus 272, 20.
51, 23. 58, 34. 63, 30. 66, G.IuliusHy9inus 265,18.287, 36.
11-36, 92, 5. 93, 33. 97, 12. Iulius Marathus 73, 32. 79, 13.

115, 26. 264, 31. Iulius Modestus 265, 27. 306, 24.
Caesares 148, 14. Caesarum ne· Iulius Tiro 272, 26.

111118 58, 7. 11111118 Vindex 190, 26. 191, 18.
Iulia Tiberii neptis 163, 12. 192, 1. 193, 24. 194, 2. 203,

6. 633831· (681118, Caligula) 108, 23. 204, 24. 206, 27.

28. 113,1. 117, 63 32. 118,6. Iulus 33, 25.

119-146, 151, 6; 12; 23; 29. [1ιηίῑίαέ 304, 36.

152, 4; 32. 153, 11. 157, 13. Iunius Gracchanus 281, 5.

162, 2. 166, 24. 172, 263 32. D. Silanus 7, 23.

173, 14. 183, 12. 202, 3; 1131um'us Novatus epistola 61, 37.

15; 17. 211, 20. 216, 11. 217, 62, 1.

1. 223, 6. 225, 28. 227, 22. Iunius Saturninus 49, 30.

290, 19. Iunius Gallio 301, 3Ο; 36.
6818118 nex 236, 6. Μ. Silanus 123, 21. 129, 24; 304
Caligulae sorores 121, 22. 125, 1111118 Claudilla, M. Silani 1:123,

143 163 17. 129, 34. 130, 11. 21; 27.

133, 3. 135,33. 137, 20. 146, Appius Silanus 149, 29. 163,11.

‚2'90‚ 21. v. Agrippina, 1)1·11-165,36.166,1;4.

silla. L. Silanus, Appii f’. 149, 29. 160,
111118 Livilla, Caligulae soror 121, 9.162,23; 29.163,14; 16.
22.163,12. 1111118 Calvina, Appii f. 235,11.
Iulia Drusilla, Caligulae filia130, Iunius Rusticus 247, 22.
38. 138, 28. 146, 13. 111110 243, 37.
111113 Titi filia 237, 7; 19. 249, Iuppiter 34, l. 69, 27. 80, 28;
4. 252, 10. 253, 22. 35, 144, 38. 145, 103 33. 199,
Caesares 152, 26. 199, 12. 205, 24. 203, 28. 204, 38. 243,
7. 238, 38. 36. 250, 37. 303, 11. Optimus

Caesarum aedes 199, 17. domus Maximus 32, 21. 47, 25. 80,
199, 20. imagines 124, 33. 6; 19. 222, 7. 228, 8 Capitoli-
129, 9. memoria 33 templa 146, 11118 35, 28. 49, 20. 52, 5. 78,
22. potestas 93,12. progenies 12. 80, 22. 108, 25. 128, 37.
199,5. 174, 26. 243, 30. 244, 28.

verus Caesar 168, 35 246, 9. Casius 179, 37. 611-

